01011101011110000101110000010110010010110010101001110111001100111001011100010000011110100000100100111110100101011000001111000011


1.
key1 = 0101110101111000010111000001011001001011001010100111011100110011
key2 = 1001011100010000011110100000100100111110100101011000001111000011

2.
f {
    first  = 1001011100010000011110100000100100111110100101011000001111000011
    second = 0101110101111000010111000001011001001011001010100111011100110011
    bRight = 01001011001010100111011100110011

    KP {
        first  = 1001011100010000011110100000100100111110100101011000001111000011
        second = 01001011001010100111011100110011
        leftPartFirst = 10010111000100000111101000001001
        rightPartFirst = 111110100101011000001111000011
        kp = 1001111000010000000010110000101100110111100101011111001011000001
    }

    kp = 1001111000010000000010110000101100110111100101011111001011000001

    E {
        //63 62 61 60 59 58 57 56 55 54 53 52 51 50 49 48 47 46 45 44 43 42 41 40 39 38 37 36 35 34 33 32 31 30 29 28 27 26 25 24 23 22 21 20 19 18 17 16 15 14 13 12 11 10 9 8 7 6 5 4 3 2 1 0
        //1  0  0  1  1  1  1  0  0  0  0  1  0  0  0  0  0  0  0  0  1  0  1  1  0  0  0  0  1  0  1  1  0  0  1  1  0  1  1  1  1  0  0  1  0  1  0  1  1  1  1  1  0  0  1 0 1 1 0 0 0 0 0 1
        block = 1001111000010000000010110000101100110111100101011111001011000001
        result = {
            0000000110011110
            0000011000010000
            0001000000001011
            0000001100001011
            0000001100110111
            0001011110010101
            0000010111110010
            0001001011000001
        }
    }

    sa = {
        00111001
        11100111
        10101111
        01100100
        01111111
        11110110
        10110110
        01100011
    }

    BitsUtil.bytesToLong(sa) = 11100111100111101011110110010001111111111101101011011001100011

    P {
        block  = 0011100111100111101011110110010001111111111101101011011001100011
        result = 1110100101101111011111101010100010001110111111110101110101100110
    }
}